90 200
1 0 1.2
2 0 2.4
3 0 3.3
4 0 3.6
4 0 6
4 0 6.6
2 0 7.2
2 0 7.8
4 0 8.4
4 0 9
2 0 9.6
1 0 10.8
1 0 11.4
3 0 12
3 0 12.6
1 0 13.2
1 0 13.8
3 0 14.4
4 0 15.6
1 0 16.2
3 0 16.8
2 0 17.4
1 0 18
3 0 18.6
4 0 19.2
2 0 19.8
1 0 20.4
4 0 21.3
3 0 21.6
1 0 22.2
2 0 22.8
2 0 23.1
4 0 23.4
1 0 24
2 0 24.3
3 0 24.6
4 0 24.9
2 0 42
3 0 42
1 0 43.5
2 0 43.8
4 0 44.1
3 0 44.4
2 0 44.4
1 0 45.9
2 0 46.2
3 0 46.5
2 0 46.8
4 0 46.8
2 0 48.6
1 0 49.2
2 0 49.8
3 0 50.4
4 0 51
1 0 51.6
4 0 54
1 0 56.4
4 0 58.8
1 0 59.4
4 0 60
1 0 60.6
1 0 61.2
4 0 61.2
3 0 66.3
3 0 66.9
3 0 67.5
3 0 68.1
2 0 68.7
2 0 69.3
2 0 69.9
2 0 70.5
1 0 70.8
4 0 73.2
1 0 78
1 0 82.8
2 0 82.8
3 0 82.8
4 0 82.8
-----
6 0 3.6 2.0 2.0
5 0 3.9 0.8 0.8
5 0 4.2 1.0 1.0
5 0 4.5 1.2 1.2
6 0 4.95 1.4 1.4
6 0 5.25 1.6 1.6
6 0 5.55 1.8 1.8
5 0 9.9 1.4 1.4
5 0 10.2 1.6 1.6
5 0 10.5 1.8 1.8
6 0 14.7 1.4 1.4
6 0 15 1.6 1.6
6 0 15.3 1.8 1.8
5 0 20.1 1.4 1.4
5 0 20.4 1.8 1.8
5 0 25.2 1.2 1.2
6 0 26.1 1.8 1.8
6 0 26.4 1.6 1.6
6 0 27 1.2 1.2
5 0 27.6 1.4 1.4
6 0 27.9 1.4 1.4
5 0 28.2 1.6 1.6
6 0 28.8 1.2 1.2
6 0 29.1 1.4 1.4
6 0 29.4 1.6 1.6
6 0 29.7 1.8 1.8
5 0 30 2.0 2.0
6 0 30 2.0 2.0
5 0 31.2 2.0 2.0
6 0 31.2 2.0 2.0
5 0 31.8 2.0 2.0
6 0 31.8 2.0 2.0
5 0 32.4 0.8 0.8
6 0 32.4 0.8 0.8
5 0 33.75 1.2 1.2
6 0 33.75 1.2 1.2
5 0 34.8 1.6 1.6
6 0 34.8 1.6 1.6
5 0 36 1.4 1.4
6 0 36 1.4 1.4
5 0 36.9 1.0 1.0
6 0 36.9 1.0 1.0
5 0 37.2 1.4 1.4
6 0 37.2 1.4 1.4
5 0 38.4 1.0 1.0
6 0 38.4 1.0 1.0
5 0 39.6 1.2 1.2
6 0 39.6 1.2 1.2
5 0 40.8 0.8 0.8
6 0 40.8 0.8 0.8
5 0 41.7 1.6 1.6
6 0 41.7 1.6 1.6
5 0 42 1.4 1.4
6 0 42 1.4 1.4
5 0 51.6 1.6 1.6
5 0 51.9 1.6 1.6
5 0 52.2 1.6 1.6
5 0 52.5 1.6 1.6
5 0 52.8 1.2 1.2
5 0 53.1 1.2 1.2
5 0 53.4 1.6 1.6
5 0 53.7 1.6 1.6
6 0 54 1.6 1.6
6 0 54.3 1.6 1.6
6 0 54.6 1.6 1.6
6 0 54.9 1.6 1.6
6 0 55.2 1.2 1.2
6 0 55.5 1.2 1.2
6 0 55.8 1.6 1.6
6 0 56.1 1.6 1.6
5 0 56.4 1.6 1.6
5 0 56.7 1.6 1.6
5 0 57 1.6 1.6
5 0 57.3 1.6 1.6
5 0 57.6 1.2 1.2
5 0 57.9 1.2 1.2
5 0 58.2 1.6 1.6
5 0 58.5 1.6 1.6
6 0 58.8 1.6 1.6
6 0 59.1 1.6 1.6
5 0 59.4 1.6 1.6
5 0 59.7 1.6 1.6
6 0 60 1.6 1.6
6 0 60.3 1.6 1.6
5 0 60.6 1.6 1.6
5 0 63 0.8 0.8
6 0 63 0.8 0.8
5 0 63.6 1.0 1.0
6 0 63.6 1.0 1.0
5 0 64.2 1.2 1.2
6 0 64.2 1.2 1.2
5 0 64.8 1.4 1.4
6 0 64.8 1.4 1.4
5 0 65.4 1.6 1.6
6 0 65.4 1.6 1.6
5 0 66 1.8 1.8
6 0 66 1.8 1.8
5 0 68.4 1.0 1.0
6 0 68.4 1.0 1.0
5 0 71.1 1.8 1.8
6 0 71.1 1.8 1.8
5 0 72.6 1.4 1.4
6 0 72.6 1.4 1.4
5 0 73.5 1.8 1.8
6 0 73.5 1.8 1.8
5 0 75 1.4 1.4
6 0 75 1.4 1.4
6 0 75.6 1.4 1.4
6 0 75.9 1.8 1.8
6 0 76.2 1.6 1.6
6 0 77.4 1.4 1.4
5 0 78.3 1.8 1.8
6 0 78.3 1.8 1.8
5 0 79.8 1.8 1.8
5 0 80.7 0.8 0.8
5 0 81 1.0 1.0
5 0 81.3 1.2 1.2
6 0 81.75 1.4 1.4
6 0 82.05 1.6 1.6
6 0 82.35 1.8 1.8
5 0 82.8 2.0 2.0
6 0 82.8 2.0 2.0
EOF