74 100
1 0 2.4
2 0 3.0
3 0 3.6
4 0 4.2
3 0 4.8
2 0 5.4
1 0 6.0

4 1 20.0
4 2 22.4
2 1 24.8
2 2 27.2
3 1 29.6
3 2 32.0
1 1 34.4
1 2 36.8

1 1 41.6
4 0 41.6
4 0 42.3
4 0 43.0
4 0 43.5
1 2 44.0
4 0 44.2
4 0 44.9
3 1 45.4
1 0 45.4
1 0 46.1
1 0 46.8
1 0 47.3
3 2 47.8
1 0 48.0
1 0 48.7
2 1 49.2
3 0 49.2
3 0 49.9
3 0 50.6
3 0 51.1
2 2 51.6
3 0 51.8
3 0 52.5
4 1 53.0
2 0 53.0
2 0 53.7
2 0 54.4
2 0 54.9
4 2 55.4
2 0 55.6
2 0 56.3

4 1 56.8
4 2 59.2
2 1 60.6
2 2 63.0
3 1 64.4
3 2 66.8
1 1 68.2
1 2 70.6
-----
5 0 11.2 1.0 1.0
6 0 11.8 1.2 1.2
5 0 12.4 1.4 1.4
6 0 13.0 1.6 1.6
5 0 13.6 1.4 1.4
6 0 14.2 1.2 1.2
5 0 14.8 1.0 1.0

6 0 57.25 1.6 1.6
6 0 57.5 1.8 1.8
6 0 57.75 1.6 1.6
6 0 57.95 1.4 1.4
6 0 58.2 1.2 1.2
6 0 58.45 1.4 1.4

5 0 61.05 1.6 1.6
5 0 61.3 1.8 1.8
5 0 61.55 1.6 1.6
5 0 61.75 1.4 1.4
5 0 62 1.2 1.2
5 0 62.25 1.4 1.4
5 0 63.2 1.0 1.0

6 0 64.85 1.6 1.6
6 0 65.1 1.8 1.8
6 0 65.35 1.6 1.6
6 0 65.55 1.4 1.4
6 0 65.8 1.2 1.2
6 0 66.05 1.4 1.4

5 0 68.65 1.6 1.6
5 0 68.9 1.8 1.8
5 0 69.15 1.6 1.6
5 0 69.35 1.4 1.4
5 0 69.6 1.2 1.2
5 0 69.85 1.4 1.4
5 0 70.1 1.8 1.8
5 0 70.6 1.8 1.8
5 0 70.8 1.4 1.4
EOF